[
   {
      "branch":"Козятин I-Козятин II",
      "koefs":[183,158,140,127,117,108,102,96,91,87,84,81,78,75,73,71,70,68,67,65,64,
               188,163,144,131,120,112,105,99,94,90,86,83,80,78,75,73,72,70,68,67,66]
   },
   {
      "branch":"Козятин I-Сестринівка",
      "koefs":[75,69,65,62,61,58,57,56,55,54,53,53,52,52,51,51,50,50,50,49,49,
               90,83,78,75,73,70,68,67,66,65,64,64,63,62,61,61,60,60,60,59,59]
   },
   {
      "branch":"Козятин II-Сестринівка",
      "koefs":[215,186,165,149,137,128,120,113,107,103,99,95,92,89,86,84,82,80,78,77,75,
               188,163,144,131,120,112,105,99,94,90,86,83,80,78,75,73,72,70,68,67,66]
   },
   {
      "branch":"Козятин II-Бердичів",
      "koefs":[75,69,65,62,61,58,57,56,55,54,53,53,52,52,51,51,50,50,50,49,49,
               215,186,165,149,137,128,120,113,107,103,99,95,92,89,86,84,82,80,78,77,75]
   },
   {
      "branch":"Бердичів-Шепетівка",
      "koefs":[175,151,134,121,112,104,97,92,87,83,80,77,74,72,70,68,67,65,64,62,61,
               247,214,190,172,158,147,138,130,124,118,113,109,105,102,99,97,94,92,90,88,87]
   },
   {
      "branch":"Шепетівка-Здолбунів ПД",
      "koefs":[247,214,190,172,158,147,138,130,124,118,113,109,105,102,99,97,94,92,90,88,87,
               236,204,182,164,151,140,132,124,118,113,108,104,101,98,95,92,90,88,86,84,83]
   },
   {
      "branch":"Здолбунів ПД-Здолбунів РВ",
      "koefs":[204,177,157,142,130,121,114,107,102,98,94,90,87,84,82,80,78,76,74,73,71,
               97,90,85,81,79,76,74,73,71,70,69,69,68,67,66,66,65,65,65,64,64]
   },
   {
      "branch":"Здолбунів РВ-Рівне",
      "koefs":[90,83,78,75,73,70,68,67,66,65,64,64,63,62,61,61,60,60,60,59,59,
               90,83,78,75,73,70,68,67,66,65,64,64,63,62,61,61,60,60,60,59,59]
   },
   {
      "branch":"Рівне-Ківерці",
      "koefs":[242,209,186,168,154,144,135,127,121,116,111,107,103,100,97,94,92,90,88,86,85,
               212,183,163,148,136,126,118,112,106,101,97,94,91,88,85,83,81,79,77,76,74]
   },
   {
      "branch":"Ківерці-Ковель",
      "koefs":[188,163,144,131,120,112,105,99,94,90,86,83,80,78,75,73,72,70,68,67,66,
               215,186,165,149,137,128,120,113,107,103,99,95,92,89,86,84,82,80,78,77,75]
   },
   {
      "branch":"Красне-Підбірці",
      "koefs":[134,116,103,93,86,80,75,71,67,64,62,59,57,56,54,52,51,50,49,48,47,
               251,217,193,175,160,149,140,132,126,120,115,111,107,104,101,98,96,93,91,90,88]
   },
   {
      "branch":"Підбірці-Підзамче",
      "koefs":[161,139,124,112,103,96,90,85,81,77,74,71,69,67,65,63,61,60,59,58,56,
               134,125,118,112,109,105,102,101,98,97,96,96,94,93,91,91,90,90,90,89,89]
   },
   {
      "branch":"Підзамче-БП1479",
      "koefs":[306,265,235,213,196,185,171,161,153,146,140,135,131,127,123,120,117,114,112,109,107,
               175,151,134,121,112,104,97,92,87,83,80,77,74,72,70,68,67,65,64,62,61]
   },
   {
      "branch":"БП1479-Львів",
      "koefs":[97,90,85,81,79,76,74,73,71,70,69,69,68,67,66,66,65,65,65,64,64,
               121,105,93,84,77,72,67,64,60,58,55,53,52,50,49,47,46,45,44,43,42]
   },
   {
      "branch":"Сестринівка-Триліси",
      "koefs":[188,163,144,131,120,112,105,99,94,90,86,83,80,78,75,73,72,70,68,67,66,
               188,163,144,131,120,112,105,99,94,90,86,83,80,78,75,73,72,70,68,67,66]
   },
   {
      "branch":"Триліси-Фастів II",
      "koefs":[188,163,144,131,120,112,105,99,94,90,86,83,80,78,75,73,72,70,68,67,66,
               228,197,175,159,146,135,127,120,114,109,105,101,97,94,92,89,87,85,83,81,80]
   },
   {
      "branch":"Фастів II-Миронівка",
      "koefs":[161,139,124,112,103,96,90,85,81,77,74,71,69,67,65,63,61,60,59,58,56,
               161,139,124,112,103,96,90,85,81,77,74,71,69,67,65,63,61,60,59,58,56]
   },
   {
      "branch":"Миронівка-Цвітково",
      "koefs":[204,177,157,142,130,121,114,107,102,98,94,90,87,84,82,80,78,76,74,73,71,
               247,214,190,172,158,147,138,130,124,118,113,109,105,102,99,97,94,92,90,88,87]
   },
   {
      "branch":"Цвітково-Шевченко",
      "koefs":[221,191,170,154,141,131,123,116,110,105,101,97,94,91,89,86,84,82,80,79,77,
               85,79,75,71,69,67,65,64,62,61,61,61,60,59,58,58,57,57,57,56,56]
   },
   {
      "branch":"Шевченко-Чорноліська",
      "koefs":[145,125,111,101,93,86,81,76,73,69,67,64,62,60,57,55,54,53,52,51,
               201,174,155,140,129,120,112,112,106,101,96,92,89,86,83,81,79,77,75,73,72,70]
   },
   {
      "branch":"Чорноліська-БП(ЗАХ)",
      "koefs":[274,237,210,191,175,163,153,144,137,131,126,121,117,113,110,107,104,102,100,98,96,
               274,237,210,191,175,163,153,144,137,131,126,121,117,113,110,107,104,102,100,98,96]
   },
   {
      "branch":"БП(ЗАХ)-Знаменка",
      "koefs":[153,132,118,106,98,91,85,81,77,73,70,68,65,63,61,60,58,57,56,55,54,
               156,135,120,108,100,93,87,82,78,74,71,69,66,64,63,61,59,58,57,56,55]
   },
   {
      "branch":"Козятин I-Калинівка",
      "koefs":[180,156,139,125,115,107,100,95,90,86,83,80,77,75,72,70,69,67,66,64,63,
               85,79,75,71,69,67,65,64,62,61,61,61,60,59,58,57,57,57,56,56]
   },
   {
      "branch":"Калинівка-Вінниця",
      "koefs":[148,128,113,103,94,88,82,78,74,71,68,65,63,61,59,58,56,55,54,53,52,
               156,135,120,108,100,93,87,82,78,74,71,69,66,64,63,61,59,58,57,56,55]
   },
   {
      "branch":"Вінниця-Жмеринка ТОВ",
      "koefs":[90,83,78,75,73,70,68,67,66,65,64,64,63,62,61,61,60,60,60,59,59,
            175,151,134,121,112,104,97,92,87,83,80,77,74,72,70,68,67,65,64,62,61]
   },
   {
      "branch":"Жмеринка ТОВ-Жмеринка",
      "koefs":[90,83,78,75,73,70,68,67,66,65,64,64,63,62,61,61,60,60,60,59,59,
              82,76,72,69,67,64,63,62,60,59,58,58,58,57,56,56,55,55,55,54,54]
   },
   {
      "branch":"Жмеринка-Вапнярка",
      "koefs":[197,170,151,137,126,117,109,103,98,94,90,87,84,81,79,77,75,73,72,70,69,
               90,83,78,75,73,70,68,67,66,65,64,64,63,62,61,61,60,60,60,59,59]
   },
   {
      "branch":"Вапнярка-Слобідка",
      "koefs":[97,90,85,81,79,76,74,73,71,70,69,69,68,67,66,66,65,65,65,64,64,
               188,163,144,131,120,112,105,99,94,90,86,83,80,78,75,73,72,70,68,67,66] 
   },
   {
      "branch":"Слобідка-Подільськ",
      "koefs":[188,163,144,131,120,112,105,99,94,90,86,83,80,78,75,73,72,70,68,67,66,
               161,139,124,112,103,96,90,85,81,77,74,71,69,67,65,63,61,60,59,58,56]
   },
   {
      "branch":"Подільськ-Мигаєве",
      "koefs":[212,184,163,148,136,126,118,112,106,101,97,94,91,88,85,83,81,79,77,76,74,
               161,139,124,112,103,96,90,85,81,77,74,71,69,67,65,63,61,60,59,58,56]
   },
   {
      "branch":"Мигаєве-Роздільна",
      "koefs":[90,83,78,75,73,70,68,67,66,65,64,64,63,62,61,61,60,60,60,59,59,
               242,209,186,168,154,144,135,127,121,116,111,107,103,100,97,94,92,90,88,86,85]
   }
]
